{
 "cells": [
  {
   "cell_type": "code",
   "execution_count": 15,
   "id": "e210ff47-659b-465c-9cd8-a89ccb808b3a",
   "metadata": {},
   "outputs": [
    {
     "name": "stderr",
     "output_type": "stream",
     "text": [
      "/var/folders/z0/xlrh1vdx3qn_jfzx_nhpjt4h0000gn/T/ipykernel_36201/2865065955.py:9: DeprecationWarning: RGB is deprecated, use CAM_A or address camera by name instead.\n",
      "  rgb_cam.setBoardSocket(dai.CameraBoardSocket.RGB)\n"
     ]
    }
   ],
   "source": [
    "import cv2\n",
    "import depthai as dai\n",
    "\n",
    "# Define the pipeline\n",
    "pipeline = dai.Pipeline()\n",
    "\n",
    "# Define RGB camera node\n",
    "rgb_cam = pipeline.createColorCamera()\n",
    "rgb_cam.setBoardSocket(dai.CameraBoardSocket.RGB)\n",
    "rgb_cam.setResolution(dai.ColorCameraProperties.SensorResolution.THE_1080_P)\n",
    "\n",
    "# Create output for RGB\n",
    "xout_rgb = pipeline.createXLinkOut()\n",
    "xout_rgb.setStreamName(\"rgb\")\n",
    "rgb_cam.video.link(xout_rgb.input)\n",
    "\n",
    "# Start the pipeline\n",
    "with dai.Device(pipeline) as device:\n",
    "    # Output queues\n",
    "    q_rgb = device.getOutputQueue(name=\"rgb\", maxSize=1, blocking=False)\n",
    "\n",
    "    # Get RGB frames\n",
    "    while True:\n",
    "        in_rgb = q_rgb.get()\n",
    "        if in_rgb is not None:\n",
    "            # Get the RGB frame\n",
    "            frame = in_rgb.getCvFrame()\n",
    "            \n",
    "            # Display the RGB frame\n",
    "            cv2.imshow(\"RGB\", frame)\n",
    "\n",
    "            # Save the frame (replace with your desired path)\n",
    "            cv2.imwrite(\"real_world_object.jpg\", frame)\n",
    "\n",
    "            # Break the loop after saving the image\n",
    "            break\n",
    "\n",
    "            # Exit when 'q' is pressed\n",
    "            if cv2.waitKey(1) & 0xFF == ord('q'):\n",
    "                break\n",
    "\n",
    "# Destroy all OpenCV windows\n",
    "cv2.destroyAllWindows()\n"
   ]
  },
  {
   "cell_type": "code",
   "execution_count": 23,
   "id": "73bceb16-c0f9-425d-b5d7-eeb1fd1f5c09",
   "metadata": {},
   "outputs": [
    {
     "name": "stdout",
     "output_type": "stream",
     "text": [
      "ROTATIONAL MATRIX:\n",
      "[[ 9.48669271e-01  1.99783756e-04  3.16269781e-01]\n",
      " [-1.07341156e-02  9.99444021e-01  3.15662563e-02]\n",
      " [-3.16087635e-01 -3.33408137e-02  9.48143975e-01]]\n",
      "\n",
      "TRANSLATION VECTOR:\n",
      "[[-0.03256649]\n",
      " [ 0.01977594]\n",
      " [ 5.89773729]]\n",
      "\n",
      "CAMERA INTRINSIC MATRIX:\n",
      "[[30207.36719962246, 0.0, 295.20981134837933], [0.0, 28305.26396802938, 237.78887212230882], [0.0, 0.0, 1.0]]\n",
      "\n",
      "Intrinsic matrix (homogeneous form):\n",
      "[[3.02073672e+04 0.00000000e+00 2.95209811e+02 0.00000000e+00]\n",
      " [0.00000000e+00 2.83052640e+04 2.37788872e+02 0.00000000e+00]\n",
      " [0.00000000e+00 0.00000000e+00 1.00000000e+00 1.00000000e+00]\n",
      " [0.00000000e+00 0.00000000e+00 0.00000000e+00 1.00000000e+00]]\n",
      "\n",
      "EXTRINSIC MATRIX:\n",
      "[[ 9.48669271e-01  1.99783756e-04  3.16269781e-01 -3.25664866e-02]\n",
      " [-1.07341156e-02  9.99444021e-01  3.15662563e-02  1.97759382e-02]\n",
      " [-3.16087635e-01 -3.33408137e-02  9.48143975e-01  5.89773729e+00]\n",
      " [ 0.00000000e+00  0.00000000e+00  0.00000000e+00  1.00000000e+00]]\n",
      "\n",
      "CAMERA MATRIX: \n",
      "[[ 2.85634889e+04 -3.80759406e+00  9.83357880e+03  7.57322094e+02]\n",
      " [-3.78994098e+02  2.82815987e+04  1.11894930e+03  1.96217945e+03]\n",
      " [-3.16087635e-01 -3.33408137e-02  9.48143975e-01  6.89773729e+00]\n",
      " [ 0.00000000e+00  0.00000000e+00  0.00000000e+00  1.00000000e+00]]\n",
      "\n",
      "Real-world dimensions:\n",
      "Point 1:\n",
      "x axis length -  7.5373269563325085\n",
      "y axis length -  1.0331999766416367\n",
      "z axis length -  -21.81668573678169\n",
      "\n",
      "Point 2:\n",
      "x axis length -  7.534373797765911\n",
      "y axis length -  1.0303745903075026\n",
      "z axis length -  -21.817769599162098\n",
      "\n",
      "Distance between the points: 0.42283224943523834 cm\n"
     ]
    }
   ],
   "source": [
    "import numpy as np\n",
    "from math import sqrt\n",
    "\n",
    "# Load rotational matrix\n",
    "rot_matrix = np.loadtxt('rgb_rotation_matrix.txt')\n",
    "\n",
    "print(\"ROTATIONAL MATRIX:\")\n",
    "print(rot_matrix)\n",
    "\n",
    "# Load translation vector\n",
    "tra_v = []\n",
    "with open('rgb_translation_vector.txt', 'r') as f:\n",
    "    for line in f:\n",
    "        tra_v.append([float(num) for num in line.split()])\n",
    "\n",
    "np_tra_v = np.array(tra_v)\n",
    "\n",
    "print(\"\\nTRANSLATION VECTOR:\")\n",
    "print(np_tra_v)\n",
    "\n",
    "# Load camera intrinsic matrix\n",
    "c_mtx = []\n",
    "with open('rgb_camera_matrix.txt', 'r') as f:\n",
    "    for line in f:\n",
    "        c_mtx.append([float(num) for num in line.split()])\n",
    "\n",
    "print(\"\\nCAMERA INTRINSIC MATRIX:\")\n",
    "print(c_mtx)\n",
    "\n",
    "# Convert camera intrinsic matrix to homogeneous form\n",
    "int_mtx = np.append(np.append(c_mtx, [[0],[0],[1]], axis=1), [np.array([0,0,0,1])], axis=0)\n",
    "print('\\nIntrinsic matrix (homogeneous form):')\n",
    "print(int_mtx)\n",
    "\n",
    "# Combine rotation matrix with translation vector to form the extrinsic matrix\n",
    "ext_mtx = np.hstack((rot_matrix, np_tra_v))\n",
    "\n",
    "# Add the bottom row [0, 0, 0, 1] for homogeneous coordinates\n",
    "ext_mtx = np.vstack((ext_mtx, [0, 0, 0, 1]))\n",
    "\n",
    "print('\\nEXTRINSIC MATRIX:')\n",
    "print(ext_mtx)\n",
    "\n",
    "# Calculate camera matrix\n",
    "camera_matrix = np.dot(int_mtx, ext_mtx)\n",
    "print(\"\\nCAMERA MATRIX: \")\n",
    "print(camera_matrix)\n",
    "\n",
    "# Calculate the inverse of the camera matrix\n",
    "inverse_mat = -np.linalg.inv(camera_matrix) \n",
    "\n",
    "# Define the points in homogeneous coordinates [X, Y, Z, 1]\n",
    "project_points1 = np.array([[5],[10],[30],[1]])\n",
    "project_points2 = np.array([[100],[90],[30],[1]])\n",
    "\n",
    "# Transform points from camera frame to real-world frame\n",
    "real_dim_p1 = inverse_mat.dot(project_points1)\n",
    "real_dim_p2 = inverse_mat.dot(project_points2)\n",
    "\n",
    "print(\"\\nReal-world dimensions:\")\n",
    "print(\"Point 1:\")\n",
    "print(\"x axis length - \", real_dim_p1[0][0])\n",
    "print(\"y axis length - \", real_dim_p1[1][0])\n",
    "print(\"z axis length - \", real_dim_p1[2][0])\n",
    "\n",
    "print(\"\\nPoint 2:\")\n",
    "print(\"x axis length - \", real_dim_p2[0][0])\n",
    "print(\"y axis length - \", real_dim_p2[1][0])\n",
    "print(\"z axis length - \", real_dim_p2[2][0])\n",
    "\n",
    "# Calculate the distance between the two points\n",
    "dist = sqrt((real_dim_p2[0][0]-real_dim_p1[0][0])**2 +\n",
    "            (real_dim_p2[1][0]-real_dim_p1[1][0])**2 +\n",
    "            (real_dim_p2[2][0]-real_dim_p1[2][0])**2 )\n",
    "\n",
    "print(\"\\nDistance between the points:\", dist*100, \"cm\")\n"
   ]
  },
  {
   "cell_type": "code",
   "execution_count": 17,
   "id": "7dd2b7c6-fff6-4926-9da9-6e0b89824ea6",
   "metadata": {},
   "outputs": [
    {
     "name": "stdout",
     "output_type": "stream",
     "text": [
      "Computed distance (cm): 12419.74234837422\n",
      "Real-world dimensions (width, height): [0.01922607421875001, 0.08680555555555558, 0.01922607421875001]\n"
     ]
    }
   ],
   "source": [
    "import numpy as np\n",
    "from scipy.spatial.distance import euclidean\n",
    "from math import sqrt\n",
    "\n",
    "# Function to compute real-world dimensions and verify distance\n",
    "def compute_real_dimensions_and_verify_distance(image_coords, image_width, image_height, real_width, real_height, inverse_mat, project_points1, project_points2):\n",
    "    # Compute pixel aspect ratio\n",
    "    pixel_aspect_ratio = image_width / image_height\n",
    "\n",
    "    # Convert image coordinates to normalized coordinates\n",
    "    normalized_coords = []\n",
    "    for x, y in image_coords:\n",
    "        x_norm = 2 * (x / image_width) - 1\n",
    "        y_norm = 2 * (y / image_height) - 1\n",
    "        normalized_coords.append((x_norm, y_norm))\n",
    "\n",
    "    # Compute distances between points\n",
    "    pixel_distances = [euclidean(normalized_coords[i], normalized_coords[i + 1]) for i in range(len(normalized_coords) - 1)]\n",
    "\n",
    "    # Compute real-world distances using perspective projection equations\n",
    "    real_distances = [dist * real_width / image_width if i % 2 == 0 else dist * real_height / image_height for i, dist in enumerate(pixel_distances)]\n",
    "\n",
    "    # Compute real-world dimensions\n",
    "    real_dimensions = [dist * distance_to_object / pixel_aspect_ratio for dist in real_distances]\n",
    "\n",
    "    # Compute distances between projected points\n",
    "    dist = sqrt((project_points2[0][0]-project_points1[0][0])**2 +\n",
    "                (project_points2[1][0]-project_points1[1][0])**2 +\n",
    "                (project_points2[2][0]-project_points1[2][0])**2)\n",
    "\n",
    "    # Verify computed distance\n",
    "    print(\"Computed distance (cm):\", dist * 100)\n",
    "\n",
    "    return real_dimensions\n",
    "\n",
    "# Load camera calibration data\n",
    "camera_matrix = np.loadtxt(\"rgb_camera_matrix.txt\")\n",
    "distortion_coefficients = np.loadtxt(\"rgb_distortion_coefficients.txt\")\n",
    "\n",
    "# Load inverse matrix and projected points\n",
    "inverse_mat = -np.linalg.inv(camera_matrix) \n",
    "project_points1 = np.array([[5],[10],[30],[1]])\n",
    "project_points2 = np.array([[100],[90],[30],[1]])\n",
    "\n",
    "#image coordinates of object corners\n",
    "image_coords = [(100, 100), (400, 100), (400, 300), (100, 300)]\n",
    "\n",
    "# Real-world dimensions of the object\n",
    "real_width = 7  # in centimeters\n",
    "real_height = 15  # in centimeters\n",
    "\n",
    "# Known distance between camera and object \n",
    "distance_to_object = 30\n",
    "\n",
    "# Load image of object (replace with your actual captured image)\n",
    "image = cv.imread(\"real_world_object.jpg\")\n",
    "image_height, image_width = image.shape[:2]\n",
    "\n",
    "# Compute real-world dimensions and verify distance\n",
    "real_dimensions = compute_real_dimensions_and_verify_distance(image_coords, image_width, image_height, real_width, real_height, inverse_mat, project_points1, project_points2)\n",
    "\n",
    "# Print the computed real-world dimensions\n",
    "print(\"Real-world dimensions (width, height):\", real_dimensions)\n"
   ]
  },
  {
   "cell_type": "code",
   "execution_count": null,
   "id": "19065464-c0a6-46e7-895a-a01d936063ca",
   "metadata": {},
   "outputs": [],
   "source": []
  }
 ],
 "metadata": {
  "kernelspec": {
   "display_name": "Python 3 (ipykernel)",
   "language": "python",
   "name": "python3"
  },
  "language_info": {
   "codemirror_mode": {
    "name": "ipython",
    "version": 3
   },
   "file_extension": ".py",
   "mimetype": "text/x-python",
   "name": "python",
   "nbconvert_exporter": "python",
   "pygments_lexer": "ipython3",
   "version": "3.12.1"
  }
 },
 "nbformat": 4,
 "nbformat_minor": 5
}
